MEME version 4 

ALPHABET= ACGT 

strands: + - 

MOTIF bcd 
letter-probability matrix: alength= 4 
0.076923077 0.269230769	0.423076923 0.230769231
0.153846154 0.230769231	0.153846154 0.461538462
0.038461538 0.038461538	0.038461538 0.884615385
0.807692308 0.038461538	0.038461538 0.115384615
0.884615385 0.038461538	0.038461538 0.038461538
0.038461538 0.038461538	0.076923077 0.846153846
0.038461538 0.884615385	0.038461538 0.038461538
0.038461538 0.846153846	0.038461538 0.076923077



MOTIF vfl
letter-probability matrix: alength= 4
0.011	0.750	0.011	0.228
0.967	0.011	0.011	0.011
0.011	0.011	0.967	0.011
0.011	0.011	0.967	0.011
0.011	0.076	0.011	0.902
0.233	0.168	0.516	0.083

MOTIF kr

letter-probability matrix: alength= 4 
0.4375	0.0625	0.4375	0.0625
0.6875	0.0625	0.0625	0.1875
0.4375	0.1875	0.3125	0.0625
0.0625	0.0625	0.8125	0.0625
0.0625	0.0625	0.8125	0.0625
0.125	0.1875	0.625	0.0625
0.0625	0.0625	0.0625	0.8125
0.5625	0.0625	0.0625	0.3125


MOTIF gt

letter-probability matrix: alength= 4 
0.453125  0.09375  0.40625  0.046875
0.015625  0.015625 0.015625 0.953125
0.03125	  0.03125  0.0625   0.875
0.859375  0.015625 0.109375 0.015625
0.015625  0.84375  0.015625 0.125
0.125	  0.015625 0.84375  0.015625
0.015625  0.109375 0.015625 0.859375
0.875	  0.0625   0.03125  0.03125
0.953125  0.015625 0.015625 0.015625
0.046875  0.40625  0.09375  0.453125



MOTIF hb

letter-probability matrix: alength= 4 
0.0333333333333	0.666666666667	0.133333333333	0.166666666667
0.866666666667	0.0333333333333	0.0666666666667	0.0333333333333
0.733333333333	0.2	        0.0333333333333	0.0333333333333
0.9	        0.0333333333333	0.0333333333333	0.0333333333333
0.9 	        0.0333333333333	0.0333333333333	0.0333333333333
0.9	        0.0333333333333	0.0333333333333	0.0333333333333
0.9	        0.0333333333333	0.0333333333333	0.0333333333333
0.866666666667	0.0666666666667	0.0333333333333	0.0333333333333
0.433333333333	0.366666666667	0.0333333333333	0.166666666667
0.433333333333	0.4	        0.133333333333	0.0333333333333


MOTIF slp
letter-probability matrix: alength= 4 
0.2     	0.0888888888889	0.333333333333	0.377777777778
0.0222222222222	0.0222222222222	0.0222222222222	0.933333333333
0.0888888888889	0.0222222222222	0.866666666667	0.0222222222222
0.0222222222222	0.0222222222222	0.0222222222222	0.933333333333
0.0222222222222	0.0222222222222	0.0444444444444	0.911111111111
0.0222222222222	0.0222222222222	0.0666666666667	0.888888888889
0.622222222222	0.0222222222222	0.111111111111	0.244444444444
0.0444444444444	0.511111111111	0.177777777778	0.266666666667
0.4	        0.2      	0.355555555556	0.0444444444444
0.111111111111	0.311111111111	0.0888888888889	0.488888888889
0.355555555556	0.0888888888889	0.111111111111	0.444444444444


