MEME version 4 

ALPHABET= ACGT 

strands: + - 

MOTIF bcd 
letter-probability matrix: alength= 4 w=8
0.192307692308	0.365384615385	0.0769230769231	0.365384615385
0.173076923077	0.0769230769231	0.0384615384615	0.711538461538
0.884615384615	0.0384615384615	0.0384615384615	0.0384615384615
0.923076923077	0.0192307692308	0.0384615384615	0.0192307692308
0.0384615384615	0.0192307692308	0.326923076923	0.615384615385
0.0384615384615	0.865384615385	0.0192307692308	0.0769230769231
0.0576923076923	0.519230769231	0.0769230769231	0.346153846154
0.115384615385	0.25000000000	0.365384615385	0.269230769231


MOTIF vfl
letter-probability matrix: alength= 4 w=8
0.0909090909091	0.0909090909091	0.590909090909	0.227272727273
0.0454545454545	0.863636363636	0.0454545454545	0.0454545454545
0.863636363636	0.0454545454545	0.0454545454545	0.0454545454545
0.0454545454545	0.0454545454545	0.863636363636	0.0454545454545
0.0454545454545	0.0454545454545	0.863636363636	0.0454545454545
0.0454545454545	0.0454545454545	0.0454545454545	0.863636363636
0.863636363636	0.0454545454545	0.0454545454545	0.0454545454545
0.181818181818	0.0909090909091	0.681818181818	0.0454545454545

MOTIF kr

letter-probability matrix: alength= 4 w=9
0.791666666667	0.0208333333333	0.104166666667	0.0833333333333
0.708333333333	0.145833333333	0.0416666666667	0.104166666667
0.4375		0.25		0.208333333333	0.104166666667
0.0625		0.0208333333333	0.854166666667	0.0625
0.104166666667	0.0416666666667	0.791666666667	0.0625
0.145833333333	0.0833333333333	0.75		0.0208333333333
0.0416666666667	0.0833333333333	0.104166666667	0.770833333333
0.1875		0.104166666667	0.104166666667	0.604166666667
0.604166666667	0.145833333333	0.125		0.125
0.354166666667	0.1875		0.125		0.333333333333

MOTIF gt

letter-probability matrix: alength= 4 w=14
0.0909090909091	0.333333333333	0.272727272727	0.30303030303
0.030303030303	0.272727272727	0.424242424242	0.272727272727
0.212121212121	0.242424242424	0.333333333333	0.212121212121
0.0909090909091	0.121212121212	0.151515151515	0.636363636364
0.454545454545	0.030303030303	0.484848484848	0.030303030303
0.030303030303	0.030303030303	0.030303030303	0.909090909091
0.030303030303	0.030303030303	0.030303030303	0.909090909091
0.757575757576	0.030303030303	0.181818181818	0.030303030303
0.030303030303	0.909090909091	0.030303030303	0.030303030303
0.181818181818	0.030303030303	0.757575757576	0.030303030303
0.030303030303	0.0606060606061	0.030303030303	0.878787878788
0.818181818182	0.121212121212	0.030303030303	0.030303030303
0.909090909091	0.030303030303	0.030303030303	0.030303030303
0.030303030303	0.333333333333	0.181818181818	0.454545454545

MOTIF hb

letter-probability matrix: alength= 4 w=8
0.168224299065	0.130841121495	0.0747663551402	0.626168224299
0.009345794392  0.009345794392	0.0373831775701	0.943925233645
0.018691588785	0.0560747663551	0.018691588785	0.906542056075
0.009345794392	0.018691588785	0.009345794392	0.96261682243
0.009345794392	0.009345794392	0.009345794392	0.971962616822
0.018691588785	0.0467289719626	0.009345794392	0.92523364486
0.560747663551	0.0747663551402	0.280373831776	0.0841121495327
0.196261682243	0.168224299065	0.140186915888	0.495327102804

MOTIF slp
letter-probability matrix: alength= 4 w=8
0.318181818182	0.0454545454545	0.590909090909	0.0454545454545
0.0454545454545	0.0909090909091	0.0454545454545	0.818181818182
0.863636363636	0.0454545454545	0.0454545454545	0.0454545454545
0.863636363636	0.0454545454545	0.0454545454545	0.0454545454545
0.863636363636	0.0454545454545	0.0454545454545	0.0454545454545
0.0454545454545	0.863636363636	0.0454545454545	0.0454545454545
0.863636363636	0.0454545454545	0.0454545454545	0.0454545454545
0.545454545455	0.181818181818	0.181818181818	0.0909090909091

MOTIF cad
letter-probability matrix: alength= 4 w=9
0.0588235294118	0.352941176471	0.235294117647	0.352941176471
0.176470588235	0.0588235294118	0.235294117647	0.529411764706
0.0588235294118	0.0588235294118	0.0588235294118	0.823529411765
0.117647058824	0.0588235294118	0.0588235294118	0.764705882353
0.411764705882	0.176470588235	0.117647058824	0.294117647059
0.0588235294118	0.294117647059	0.235294117647	0.411764705882
0.235294117647	0.117647058824	0.588235294118	0.0588235294118
0.470588235294	0.235294117647	0.176470588235	0.117647058824
0.0588235294118	0.294117647059	0.0588235294118	0.588235294118


